      6.79802
      6.79802
      6.79802
      6.79802
      6.79802
      6.79802
      6.79802
      6.79802
      6.79802
      6.78014
      6.78014
      6.81589
      6.78014
      6.81589
      6.81589
      6.81589
      6.81589
      6.81589
      6.81589
      6.81589
      6.81589
      6.81589
      6.81589
      6.81589
      6.81589
      6.81589
      6.81589
      6.81589
      6.81589
      6.81589
      6.81589
      6.81589
      6.81589
      6.81589
      6.81589
      6.81589
      6.83376
      6.83376
      6.83376
      6.83376
      6.83376
      6.83376
      6.83376
      6.83376
      6.83376
      6.83376
      6.83376
      6.83376
      6.83376
      6.83376
      6.83376
      6.83376
      6.83376
      6.83376
      6.83376
      6.83376
      6.83376
      6.83376
      6.83376
      6.83376
      6.85164
      6.85164
      6.85164
      6.83376
      6.85164
      6.85164
      6.85164
      6.83376
      6.83376
      6.88739
      6.88739
      6.88739
      6.90526
      6.90526
      6.90526
      6.90526
      6.92314
      6.92314
      6.92314
      6.92314
      6.90526
      6.90526
      6.92314
      6.90526
      6.90526
      6.90526
      6.92314
      6.92314
      6.95889
      6.92314
      6.95889
      6.95889
      7.17338
